00110100000000111000000100001010
00111000100000011000001000000011
00110000100000100000000000000111
00100100000001000000010010001000
00101000100000110000010110001010
00100000100000111111111100001101
01000001100000000000110010001110
01000000100000000000110100001111
01000010000000000000110110010000
01111011000000001000000010000000
01111111001111010100000010000000
00110010000000000110011000000000
00110000000000001001100000000000
00100001000000000110010000000101
00100000000000000110010000000101
00111011011001001100100100010001
00111111111001000000000100000011
00111011000000011000001000001010
00111111000001000000001010001111
01000000001000000000000000000000
00000000001000000000000000000000
00011001000000001100000100000001
00011101000001000100001000000101
00011000000000001100000100000001
00011100000001000100001000000101
00001001000000001000000110000110
00001101000001010100000110001001
00001000000000011100001010000110
00001100000000111100000010001001
01010100101000000000001100000100
00011000001000010100001000001000
01011000001000001000100000000011
00010101000000110000010010000101
00010100000001000000100010000110
00001000001000011000000100010011
01011001001000110000011010010000
00000101000000101000001100000010
00000100000000101000001000000010
01001000001000001100000100000001
01000101000000111000001110000010
01000100000000101000001010000001
00011001001000001100000100000001
00001001001000010100001000000010
01001001001000011000001010000100
10000000100000011000001010000111
00001011111001000100000110000111
00001011011001000100000110000111
00001011100000010000001100000011
00001011000000010000001100000011
01111010000001001000011100000101
01111001000001001000011100000101
01001010000000101000010110000100
01001001000000110000001100001111
01011000110000010000001110000001
01011000101000001100001100000010
01011000100001001000011010000101
11100010001000010100000110010000
01111000100001001000001110001010
01110100000000101100001010010011
11000000001000001100000100000100
01010110100000000000000010000101
00011010011000001100001000010000
